Output 1
[0, 0, 0, 0, 0, 0, 0, 0, 0, 0, 0, 0, 0, 1, 0, 0, 0, 0, 0, 0, 0, 0, 0, 0, 0, 1, 0, 1, 1, 1, 1, 1, 1, 1, 1, 1, 1, 0, 1, 1, 1, 1, 0, 1, 1, 1, 1, 1, 1, 1]
~~~~~~~ Results ~~~~~~~
Precision: 0.957
Recall: 0.880
F1 Score: 0.917
 tp: 22, tn: 24, fp: 1, fn: 3

Output 2
[0, 0, 0, 0, 0, 0, 0, 0, 0, 0, 0, 0, 0, 1, 0, 0, 0, 0, 0, 0, 0, 0, 0, 0, 0, 1, 1, 1, 1, 1, 1, 1, 1, 1, 1, 1, 1, 1, 1, 1, 1, 1, 1, 1, 1, 1, 1, 1, 1, 1]
~~~~~~~ Results ~~~~~~~
Precision: 0.962
Recall: 1.000
F1 Score: 0.980
 tp: 25, tn: 24, fp: 1, fn: 0
